18 [10110000 | 00000000 | 0100 0101 | 00000000 | 01001111 | 11111111 | 1011 1010 | 11111111010000001000000000101000000000001011111101111111110101111111111101000000101111110000000000000000]
19 [10110000 | 00000000 | 1100 0101 | 00000000 | 01001111 | 11111111 | 0011 1010 | 11111111010000001000000000101000000000001011111101111111110101111111111101000000101111110000000000000000]
20 [10110000 | 00000000 | 0010 0101 | 00000000 | 01001111 | 11111111 | 1101 1010 | 11111111010000001000000000101000000000001011111101111111110101111111111101000000101111110000000000000000]
21 [10110000 | 00000000 | 1010 0101 | 00000000 | 01001111 | 11111111 | 0101 1010 | 11111111010000001000000000101000000000001011111101111111110101111111111101000000101111110000000000000000]
22 [10110000 | 00000000 | 0110 0101 | 00000000 | 01001111 | 11111111 | 1001 1010 | 11111111010000001000000000101000000000001011111101111111110101111111111101000000101111110000000000000000]
23 [10110000 | 00000000 | 1110 0101 | 00000000 | 01001111 | 11111111 | 0001 1010 | 11111111010000001000000000101000000000001011111101111111110101111111111101000000101111110000000000000000]
24 [10110000 | 00000000 | 0001 0101 | 00000000 | 01001111 | 11111111 | 1110 1010 | 11111111010000001000000000101000000000001011111101111111110101111111111101000000101111110000000000000000]
25 [10110000 | 00000000 | 1001 0101 | 00000000 | 01001111 | 11111111 | 0110 1010 | 11111111010000001000000000101000000000001011111101111111110101111111111101000000101111110000000000000000]
26 [10110000 | 00000000 | 0101 0101 | 00000000 | 01001111 | 11111111 | 1010 1010 | 11111111010000001000000000101000000000001011111101111111110101111111111101000000101111110000000000000000]
27 [10110000 | 00000000 | 1101 0101 | 00000000 | 01001111 | 11111111 | 0010 1010 | 11111111010000001000000000101000000000001011111101111111110101111111111101000000101111110000000000000000]
28 [10110000 | 00000000 | 0011 0101 | 00000000 | 01001111 | 11111111 | 1100 1010 | 11111111010000001000000000101000000000001011111101111111110101111111111101000000101111110000000000000000]
29 [10110000 | 00000000 | 1011 0101 | 00000000 | 01001111 | 11111111 | 0100 1010 | 11111111010000001000000000101000000000001011111101111111110101111111111101000000101111110000000000000000]
30 [10110000 | 00000000 | 0111 0101 | 00000000 | 01001111 | 11111111 | 1000 1010 | 11111111010000001000000000101000000000001011111101111111110101111111111101000000101111110000000000000000]
    10110000   00000000   1011 0101   00001100   01001111   11111111   0100 1010   1111 0011   010 00000   10000000   00101000   00000000   101 11111   01111111110101111111111101000000101111110000000000000000


Mode 

[10110000 | 00000000 | 0100 0001 | 00000000 | 01001111 | 11111111 | 1011 1110 11111111010000001000000000101000000000001011111101111111110101111111111101000000101111110000000000000000]
[10110000 | 00000000 | 0100 0101 | 00000000 | 01001111 | 11111111 | 1011 1010 11111111010000001000000000101000000000001011111101111111110101111111111101000000101111110000000000000000]
[10110000 | 00000000 | 0100 0011 | 00000000 | 01001111 | 11111111 | 1011 1100 11111111010000001000000000101000000000001011111101111111110101111111111101000000101111110000000000000000]
[10110000 | 00000000 | 0100 1001 | 00000000 | 01001111 | 11111111 | 1011 0110 11111111010000001000000000101000000000001011111101111111110101111111111101000000101111110000000000000000]
[10110000 | 00000000 | 0100 1101 | 00000000 | 01001111 | 11111111 | 1011 0010 11111111010000001000000000101000000000001011111101111111110101111111111101000000101111110000000000000000]

ON/OFF

[10110000 | 00000000 | 0100 0100 | 00000000 | 01001111 | 11111111 | 1011 1011 | 11111111010000001000000000101000000000001011111101111111110101111111111101000000101111110000000000000000]
[10110000 | 00000000 | 0100 0101 | 00000000 | 01001111 | 11111111 | 1011 1010 | 11111111010000001000000000101000000000001011111101111111110101111111111101000000101111110000000000000000]
[10110000 | 00000000 | 0100 0100 | 00000000 | 01001111 | 11111111 | 1011 1011 | 11111111010000001000000000101000000000001011111101111111110101111111111101000000101111110000000000000000]
[10110000 | 00000000 | 0100 0101 | 00000000 | 01001111 | 11111111 | 1011 1010 | 11111111010000001000000000101000000000001011111101111111110101111111111101000000101111110000000000000000]

FAN  1         2            3           4       5           6           7           8           9       10           11         12          13         14          15         16        17         18          19        20
[10110000 | 00000000 | 0100 0101 | 00000000 | 01001111 | 11111111 | 1011 1010 | 11111111 | 001 00000 | 10000000 | 00101000 | 00000000 | 110 11111 | 01111111 | 11010111 | 11111111 | 01000000 | 10111111 | 00000000 | 00000000]
[10110000 | 00000000 | 0100 0101 | 00000000 | 01001111 | 11111111 | 1011 1010 | 11111111 | 000 00000 | 10000000 | 00101000 | 00000000 | 111 11111 | 01111111 | 11010111 | 11111111 | 01000000 | 10111111 | 00000000 | 00000000]
[10110000 | 00000000 | 0100 0101 | 00000000 | 01001111 | 11111111 | 1011 1010 | 11111111 | 100 00000 | 10000000 | 00101000 | 00000000 | 011 11111 | 01111111 | 11010111 | 11111111 | 01000000 | 10111111 | 00000000 | 00000000]
[10110000 | 00000000 | 0100 0101 | 00000000 | 01001111 | 11111111 | 1011 1010 | 11111111 | 010 00000 | 10000000 | 00101000 | 00000000 | 101 11111 | 01111111 | 11010111 | 11111111 | 01000000 | 10111111 | 00000000 | 00000000]
[10110000 | 00000000 | 0100 0101 | 00000000 | 01001111 | 11111111 | 1011 1010 | 11111111 | 110 00000 | 10000000 | 00101000 | 00000000 | 001 11111 | 01111111 | 11010111 | 11111111 | 01000000 | 10111111 | 00000000 | 00000000]

SWING
[10110000 | 00000000 | 0011 0101 | 0000 0000 | 01001111 | 11111111 | 1100 1010 | 11111111 | 10000000 | 1000000000101000000000000111111101111111110101111111111101000000101111110000000000000000]
[10110000 | 00000000 | 0011 0101 | 0000 1000 | 01001111 | 11111111 | 1100 1010 | 11110111 | 10000000 | 1000000000101000000000000111111101111111110101111111111101000000101111110000000000000000]
[10110000 | 00000000 | 0011 0101 | 0000 0100 | 01001111 | 11111111 | 1100 1010 | 11111011 | 10000000 | 1000000000101000000000000111111101111111110101111111111101000000101111110000000000000000]
[10110000 | 00000000 | 0011 0101 | 0000 1100 | 01001111 | 11111111 | 1100 1010 | 11110011 | 10000000 | 1000000000101000000000000111111101111111110101111111111101000000101111110000000000000000]
[10110000 | 00000010 | 0011 0101 | 0000 1100 | 01001111 | 11111101 | 1100 1010 | 11110011 | 10000000 | 1000000000101000000000000111111101111111110101111111111101000000101111110000000000000000]

 Head          auSw    Tem  mode  on      swing   rev-head   rev-auSw   rev T/m/O   rev-swing    Fan           NoN        NoN       NoN      Rev-Fan       NoN        NoN        NoN        NoN
[10110000 | 00000000 | 0011 010   1 | 0000 0100 | 01001111 | 11111111 | 1100 101 0 | 1111 1011 | 100 00000 | 10000000 | 00101000 | 00000000 | 011 11111 | 01111111 | 11010111 | 11111111 | 01000000 | 10111111 | 00000000 | 00000000]
  1             2           3           4           5           6           7           8           9          10          11        12         13          14          15      16          17          18          19         20

[10110000   00000000   1101 010   1   0000 0000   01001111   11111111   0010 101 0   1111 1111   010 00000   10000000   00101000   00000000   101 11111   01111111   11010111   11111111   01000000   10111111   00000000   00000000]
[10110000   00000000   0101 010   1   0000 0000   01001111   11111111   1010 101 0   1111 1111   110 00000   10000000   00101000   00000000   001 11111   01111111   11010111   11111111   01000000   10111111   00000000   00000000]
[10110000   00000000   0111 010   1   0000 0000   01001111   11111111   1000 101 0   1111 1111   001 00000   10000000   00101000   00000000   110 11111   01111111   11010111   11111111   01000000   10111111   00000000   00000000]]
 10110000   00000000   1110 000   1   0000 1000   01001111   11111111   0001 111 0   1111 0111   010 000001000000000101000000000001011111101111111110101111111111101000000101111110000000000000000
 10110000   00000010   1110 000   1   0000 1100   10011111   11111010001111011110011100000100000000010100000000000110111110111111111010111111111111000000101111110000000000000000
 10110000   00000000   1110 010   1   0000 1000   10011111   111111100011010111101111000000010000000001010000000000011111110111111111010111111111111000000101111110000000000000000
Temperature
1100 18
0100 19
0010 20
1010 21
0110 22
1110 23
0001 24
1001 25
0101 26
1101 27
0011 28
1011 29
0111 30


Mode 
000 auto 0
010 cool 1
001 heat 2
100 dry  3
110 fan-only 4

ON/OFF
0 off
1 on

Fan
001  0
000  1
100  2
010  3
110  4

Swing
0000 1
1000 2
0100 3
1100 4
10 1100 auto 0

6016,7510,482,3504,484,1508,482,3504,484,3504,484,1506,484,1506,484,1506,484,1506,484,1506,484,1506,484,1506,484,1508,482,1506,484,1506,484,1506,484,1506,484,1508,484,1506,484,3502,484,3502,484,1506,484,3504,484,1506,484,3504,484,1506,484,1506,484,1506,482,1508,482,1508,484,1506,484,1508,482,1508,482,1506,484,3502,484,1508,484,1506,482,3504,482,3506,484,3504,482,3504,482,3506,482,3504,484,3504,482,3504,482,3504,484,3504,482,3504,482,3504,482,3504,482,3504,482,1508,482,1506,482,3504,482,1508,482,3504,484,1506,484,3504,482,3504,482,3504,482,3504,482,3506,482,3504,482,3504,482,3506,482,3504,482,1508,482,1506,482,1508,482,1508,482,1508,482,1508,482,1508,482,3506,482,1508,482,1508,482,1508,482,1508,482,1508,482,1508,482,1508,482,1508,482,1508,482,3506,482,1508,482,3506,482,1508,482,1508,482,1508,482,1508,482,1508,482,1508,482,1508,482,1508,482,1508,482,1508,482,1508,482,1508,482,3504,482,3506,482,3506,482,3506,482,3506,482,3506,480,3506,482,1510,480,3506,480,3506,482,3506,480,3506,482,3506,482,3506,482,3506,482,3504,480,3508,480,1510,480,3506,458,1534,480,3506,482,3506,458,3528,458,3530,458,3530,480,3506,458,3530,456,3530,458,3528,458,3528,458,3530,458,1532,458,3530,458,1532,458,1532,458,1532,458,1532,458,1532,458,1532,458,3530,458,1532,458,3530,458,3530,456,3530,458,3530,458,3528,458,3530,456,1532,458,1534,456,1532,458,1532,458,1534,456,1534,458,1534,456,1532,458,1532,458,1532,458,1534,456,1534,458,1532,456,1534,456,1534,458,1532,458,7526,456

6000, 7500, 490, 3500, 490, 1400, 490, 3500, 490, 3500, 490, 1400, 490, 1400, 490, 1400, 490, 1400, 490, 1400, 490, 1400, 490, 1400, 490, 1400, 490, 1400, 490, 1400, 490, 1400, 490, 1400, 490, 3500, 490, 3500, 490, 1400, 490, 3500, 490, 1400, 490, 3500, 490, 1400, 490, 3500, 490, 1400, 490, 1400, 490, 1400, 490, 1400, 490, 3500, 490, 3500, 490, 1400, 490, 1400, 490, 1400, 490, 3500, 490, 1400, 490, 1400, 490, 3500, 490, 3500, 490, 3500, 490, 3500, 490, 3500, 490, 3500, 490, 3500, 490, 3500, 490, 3500, 490, 3500, 490, 3500, 490, 3500, 490, 1400, 490, 1400, 490, 3500, 490, 1400, 490, 3500, 490, 1400, 490, 3500, 490, 1400, 490, 3500, 490, 3500, 490, 3500, 490, 3500, 490, 1400, 490, 1400, 490, 3500, 490, 3500, 490, 1400, 490, 3500, 490, 1400, 490, 1400, 490, 1400, 490, 1400, 490, 1400, 490, 1400, 490, 3500, 490, 1400, 490, 1400, 490, 1400, 490, 1400, 490, 1400, 490, 1400, 490, 1400, 490, 1400, 490, 1400, 490, 3500, 490, 1400, 490, 3500, 490, 1400, 490, 1400, 490, 1400, 490, 1400, 490, 1400, 490, 1400, 490, 1400, 490, 1400, 490, 1400, 490, 1400, 490, 1400, 490, 3500, 490, 1400, 490, 3500, 490, 3500, 490, 3500, 490, 3500, 490, 3500, 490, 3500, 490, 1400, 490, 3500, 490, 3500, 490, 3500, 490, 3500, 490, 3500, 490, 3500, 490, 3500, 490, 3500, 490, 3500, 490, 1400, 490, 3500, 490, 1400, 490, 3500, 490, 3500, 490, 3500, 490, 3500, 490, 3500, 490, 3500, 490, 3500, 490, 3500, 490, 3500, 490, 3500, 490, 3500, 490, 1400, 490, 3500, 490, 1400, 490, 1400, 490, 1400, 490, 1400, 490, 1400, 490, 1400, 490, 3500, 490, 1400, 490, 3500, 490, 3500, 490, 3500, 490, 3500, 490, 3500, 490, 3500, 490, 1400, 490, 1400, 490, 1400, 490, 1400, 490, 1400, 490, 1400, 490, 1400, 490, 1400, 490, 1400, 490, 1400, 490, 1400, 490, 1400, 490, 1400, 490, 1400, 490, 1400, 490, 1400, 460, 7500, 460Raw data send with temp 27 

